,snapshot,subhalo_id,innerslope,outerslope,linearslope
0,1,81171,-0.00015887727509511507,0.0004040343678521019,0.00012260207986092877
1,10,93682,-0.37559478652911393,-0.5785657710309382,-0.34410692282578714
2,21,256557,-0.3415029089268538,0.04359376091160261,-0.24490825842248398
3,33,431277,-0.17899455869616573,-0.12190294872560088,-0.2158853381755408
4,50,468754,-0.09655523910671882,-0.03117314597032106,-0.1110225349143136
5,67,521654,-0.1180735476993707,0.010363951615208223,-0.15879938022629436
6,78,444927,-0.12082387286989657,-0.09279424564364121,-0.218962461238234
7,91,14,-0.11665396237392756,-0.027249690181803742,-0.11129934759790351
8,99,19,-0.026171940400814008,-0.06391748917529619,-0.05858984211098517
